mnwmlonfl·

100,,,101101110111

w

fflqlggmdmoeningowm

mmmm-mma, 110
0930111. ,1
mmm populi, 100
11111100

Bona, 0110 111 110111, 909
:m

110011,οο 01, 190 ,
1110011010 10 ²

1111100ιί0900

1110111011)ωο,111110111110

011111,1).,100,100

-Μ..11111111,1ρο11101,0111·
1010111101, 11111 mon 10111101,
100, 190, 900, 90190

11000111101,990

Buging 01 dead bodies 11110110,

Β11111100111,109

Butler, 11111100, 0, 09, 90, 101

0001111011, 190
010011, 10, 100, 110, 100, 900,
907, 900, 919911, 937, 919
-111101101110900
-101101000 990, 997
—- 1111 0101101011, 109
000111,,11 910

mma„
01101101, 1001101111Ι 1οεοθ

001110, 0. 9111111111, 90
mmm ¹

01111011, 00
01111001, 910

00011οἎ901
0010,Μ.Ρο101111,0,11

, caunas. 107, 100

0110110

011010, 0111101, 907 “
0011019

celebrare, 100

¹ &mmmm

00110900
(11001011οο001θο
0911οΗ100001 999
-9111111100110

⁷ 111000 111111,

-11.,10101001 111 caene-
——- would 111010100011011
M. Antonius, 911, 910
011011, 00
01101101, 111001, 909
01110, 10
0011011110
0011101111, 909
cmm, 111. 100
0011011 praetoris. 101
001010 111101 10, 199

· ’ Collegae, 199, 901

Collegium, 09
0011111001, 0, 11
0001000101, 00
00101101, 100
00111110010111, 111
00111010,1110,110

 

