51551 5ο 51111 155551.

111· 51

933

Potum, 111

9155311151, 44

0151 1510155351 botta· 11115 5 91551550511151551, 905

5551599
0151515,35,01510111, 193

055555350533

mnsam, ,515 51, 910

9155551, L. 11551351, 194, 193
91515, 10, 34, 57, 134
15511511
9155051, 40, 45, 77, 995, 993
91511515, 5511111οο1, 35
Pliny, 0115 younger 15,130,133
9155511550, 5511151515, 1311
91505511. 10, 91, 35, 49, 95, 03,
90,99,197,,194139,139,133;
143, 157, 137,139, 103, 994
95115, 51515159 55515, 943
Polybius, 13, 93, 50
951555115515, 193

9551551.,51,05 555310515111155

3553395551, 915
1

95115, 515 51, 147
9510.. ,5555999
9510 31551 15111551· 5151 3151, 939

91155510551, 193

9155955315, 913

911510115, 149

1115515111, 93

915 55, 515 51 55511, 933, 934

9155555, 55115151 5155555 151511-
55153 15 5511511111, 915

Propinqui, 935

915 5051, 30

91551555 quia, 934

Ι915155515,,145

provinciales, 159

9151153511, 1311111155 51, 139

Proximi, 115

915355151, 51535535, 95, 70

95111151 15315515, 137

9511115551, 145, 135137

Tea—¹, 01039οἸ 1133193 10519333,

Pyrrhus. 91

1111515551, 11

05551115, 95

05551051,149

0515155515,173

Quam. 12⁸1

Quanto 5510, 193

0515155051, 39

0551555, 913

Quartum, 555151, 11

051500115155155155515155·
155554

-. with 1531555315, 50, 51, 75

051551-111,3

05131511, 900

-15151, 99

QTin, ⁰ffihe b⁸0giltx11i11g⁶ 51 5 m·
05555114

- ,5515 511551, 59

Quinem, 47

0111101111,1555111,131

051555, 90

055 1111151515, 35, 133

-- 151551, 43

19

 

