002 40, 40, 00, 00, 00, 101,
100010, 004
100000000000010,004
1000 101, 010
101100001001, 010
100111, 04
110 'quus⁸ 04
1100010000. (10111111, 000
1100100101, 0, 00
1100000001, 010

1101011001, ’47

11100010, 104
Μο01001,01101010100
1101011101,Μο 0ος 001
11001000, Roman 0001011 01, 00

1111010101, ,ἓ 1010101, 000
---, 1111101101, 01, 07
00000100,οὴ010 0000100110, 000
1001010010οἰδί 010, 107
1001001000, 100

Meo juro, 00

1100000101, 140

1101001, 011

Minerva, pingui, 00

Moneri, ’0001000000 01, 100
100000 0100 0100011110, 111
Mucius, 000

Mutina, 00001001, 107
Mysia, 100

11000100, 10, 40

mm 10 0111 nont.

1101001000, 100, 140. 004 =
of, 0, 100

110110010ιί0, 010

110 00011010, 010 ot. 10
1100-00, 41, 100
11000100000,004 .
11000011, nogotiatores, 000
1100οο000101, 140
Neque-tt, 010
1101000011, 100

11010, 000, 100

1111111000, 040 “
1111111010, 000

11111 in 00011, 00

11001110, 101

Noli. 100 ·

11011100 10010010, 70
Nomina. 107

11011 iuius 0010010, 00
- 10010000, 00

- modom 00, 100, 21'7
-- 0010100

Nou. 000110, 00

Novus homo, 100
Num-my ¹85 ⁸⁹

—‚ 1101100, 10

11011100, 00

1100010001, 0110010, 000
110001, 01

00010 41

om, ⁴¹
0000000010, 44
0000000101·οὼ 107
00000101,(1., 107
——- 0110100, 047
00101001,00101000,110

ssfflfflwffi 0419000οο00,
-·- 01010 110 10111000, 00
--, no 11100 limit 01, 07
Olympia vicit, 10

Oportet, 110

opportunitates, 04

 

