mm 10 m 1101115.

1111111111, 154

1111111511 11115, 155
1111111,11151111.111,111
13111ωὲ1115 52

-,11511111111,111
-,11111111511111,75
-1111111111111511125
1151111195

1151115111 and subjunctivo, 24,

15511
11111111, 195
1

1111151111,25,155
1111111111, 222

1111511111, 111 11, 21
latmo 1111111111111, 55
11111111, 1111111, 255
1111111111, 195

11115111 1151111511, 219
Ι,ξοὲ111111111111171

- 1⁸’and 1111111115, 22, 54
lafftes, 14
11111, 11119
Itu-ui, 51

...videam 11, 155
-mdw
111111111111111155

111 Civile, 259

’Ἰ sun, 2⁶

’.μ hx, Η

111 Natum, 121
1111151, 255
-, 11511111, 71
111511, 115, 215
Juvenal, 195

111111, 95

Labienus. 1., 221
laborm, ex 1151111, 155
labrum, 155

luduin, 225

lautus, 154

1111111, 255

'iusum

1111511111, 191

Legem, 11111, perimo, 125
beatitudo, 111

lapidus, 11. Aemilius, 197, 251
111511111111111111111111, 157
1111111, levavero, 5

1111151111, 199

111 mrim 11 ·

- cmi& 95

-- 11111111, 155

-- (111111, 12

-- Gabinia, 95

-- 11111, 292

-· 111111, 55

··— 111111 Papiria, 252

- Voconia, 15
1111111111,121,154
1111111255

11111111, 511111111511 11, 217

1511111151111111111111, 145 1111111111, 215

suanno. mitum. 4³
1111, 254

1111 1111111111, 255
1111111111151, 25
1111151151, 155, 251
1 11125
111 ⁷ ’nm¹ 15, 52

1111111, primus, 157

11111111, 191

Life 1111111111 111 phy, 55
1111111 211

1111111, 111 11, 259

11111111 unae, 115

Littera, 5111115511, 152

Livia 1151111111, 45

Livy, 11, 12, 15, 19, 27, 51, 51,

ἱ

 

